../../.git/annex/objects/9k/VF/MD5E-s124120--5b3fa4b6a14b5538c0b0baa3399e0e11.tsv/MD5E-s124120--5b3fa4b6a14b5538c0b0baa3399e0e11.tsv